[General]
Video Eyetracker version=3.221
Xpoints=3
Ypoints=5
NumOfPoints=15
ScaleFactor=7.02677505493164
ViewingDistance=1000
[Calibration Data]
A11=1.15681483591332
A12=-0.126694961790318
A13=-0.0114905894981532
A21=-0.130030067965041
A22=-1.18677904507184
A23=0.0415355366245303
A31=0.000379660920767778
A32=0.0117832376643531
E11=-0.179619613666159
E12=-0.000195116962470899
E21=-6.36754248998505E-6
E22=0.20004547432547
X=27.0528870623422
Y=55.6859617403666
RPC=89.68842971343
MeanX=178.509429423014
MeanY=140.484888458252
ViewDist=570
[DataPoint1]
TargetX=-115.2
TargetY=-92.16
PupilX=145.242279052734
PupilY=176.394134521484
Perx1=149.668579101562
Pery1=156.5126953125
Perx2=174.331695556641
Pery2=152.934051513672
[DataPoint2]
TargetX=0
TargetY=-92.16
PupilX=178.885116577148
PupilY=171.37060546875
Perx1=168.057418823242
Pery1=152.719314575195
Perx2=192.395614624023
Pery2=149.814697265625
[DataPoint3]
TargetX=115.2
TargetY=-92.16
PupilX=213.366851806641
PupilY=163.081130981445
Perx1=186.391311645508
Pery1=145.41796875
Perx2=211.389892578125
Pery2=143.042739868164
[DataPoint4]
TargetX=-115.2
TargetY=-46.08
PupilX=145.209594726562
PupilY=160.701812744141
Perx1=150.247528076172
Pery1=145.965270996094
Perx2=175.112869262695
Pery2=142.465393066406
[DataPoint5]
TargetX=0
TargetY=-46.08
PupilX=177.504760742187
PupilY=161.711975097656
Perx1=166.89697265625
Pery1=149.064865112305
Perx2=191.675354003906
Pery2=145.553665161133
[DataPoint6]
TargetX=115.2
TargetY=-46.08
PupilX=210.342712402344
PupilY=156.365219116211
Perx1=184.466720581055
Pery1=144.946426391602
Perx2=208.701751708984
Pery2=142.669723510742
[DataPoint7]
TargetX=-115.2
TargetY=0
PupilX=141.782852172852
PupilY=153.239807128906
Perx1=148.026306152344
Pery1=144.579315185547
Perx2=172.538391113281
Pery2=141.130889892578
[DataPoint8]
TargetX=0
TargetY=0
PupilX=176.039093017578
PupilY=152.740219116211
Perx1=167.024642944336
Pery1=145.760406494141
Perx2=190.97590637207
Pery2=142.69938659668
[DataPoint9]
TargetX=115.2
TargetY=0
PupilX=210.166061401367
PupilY=147.668930053711
Perx1=185.320556640625
Pery1=141.990020751953
Perx2=209.41096496582
Pery2=139.278457641602
[DataPoint10]
TargetX=-115.2
TargetY=46.08
PupilX=137.28662109375
PupilY=139.773147583008
Perx1=143.959335327148
Pery1=137.233520507812
Perx2=168.627792358398
Pery2=133.873321533203
[DataPoint11]
TargetX=0
TargetY=46.08
PupilX=175.246444702148
PupilY=140.134536743164
Perx1=166.794464111328
Pery1=139.314254760742
Perx2=190.58772277832
Pery2=136.259384155273
[DataPoint12]
TargetX=115.2
TargetY=46.08
PupilX=208.661224365234
PupilY=131.577560424805
Perx1=184.249908447266
Pery1=132.365371704102
Perx2=208.606536865234
Pery2=129.514419555664
[DataPoint13]
TargetX=-115.2
TargetY=92.16
PupilX=137.268402099609
PupilY=127.536422729492
Perx1=144.335159301758
Pery1=131.363464355469
Perx2=169.079299926758
Pery2=128.126113891602
[DataPoint14]
TargetX=0
TargetY=92.16
PupilX=173.051696777344
PupilY=128.475402832031
Perx1=165.095840454102
Pery1=133.899749755859
Perx2=188.802871704102
Pery2=130.896453857422
[DataPoint15]
TargetX=115.2
TargetY=92.16
PupilX=207.638687133789
PupilY=122.234176635742
Perx1=184.232650756836
Pery1=129.029098510742
Perx2=208.278823852539
Pery2=126.12621307373
